1.20403	10240
1.40857	11264
1.40926	12288
1.40995	13312
1.41064	14336
1.41133	15360
1.61151	16384
1.61295	17408
1.61381	18432
1.61467	19456
1.61502	20480
1.61588	21504
1.61674	22528
1.61708	23552
1.81588	24576
1.81748	25600
1.81834	26624
1.81869	27648
1.82007	28672
1.82041	29696
1.82076	30720
1.82162	31744
1.823	32768
1.82335	33792
1.82369	34816
2.02025	35840
2.02059	36864
2.02185	37888
2.02323	38912
2.02358	39936
2.02392	40960
2.02582	41984
2.02616	43008
2.02651	44032
2.02685	45056
2.0272	46080
2.02806	47104
2.02996	48128
2.0303	49152
2.03065	50176
2.03099	51200
2.03134	52224
2.22514	53248
2.22548	54272
2.22583	55296
2.22669	56320
2.22859	57344
2.22893	58368
2.22928	59392
2.22962	60416
2.22997	61440
2.2329	62464
2.23324	63488
2.23359	64512
2.23393	65536
2.23428	66560
2.23462	67584
2.23497	68608
2.23583	69632
2.23618	70656
2.23911	71680
2.23945	72704
2.2398	73728
2.24014	74752
2.24049	75776
2.24083	76800
2.24118	77824
2.42986	78848
2.4302	79872
2.43055	80896
2.43089	81920
2.43123	82944
2.4321	83968
2.43503	84992
2.43537	86016
2.43572	87040
2.43606	88064
2.43641	89088
2.43675	90112
2.4371	91136
2.43744	92160
2.44141	93184
2.44176	94208
2.4421	95232
2.44245	96256
2.44279	97280
2.44314	98304
2.44348	99328
2.44383	100352
2.44417	101376
2.44452	102400
2.4459	103424
2.44624	104448
2.44659	105472
2.45055	106496
2.4509	107520
2.45124	108544
2.45159	109568
2.45193	110592
2.45228	111616
2.45262	112640
2.45297	113664
2.45331	114688
2.45366	115712
2.454	116736
2.63526	117760
2.63561	118784
2.63595	119808
2.6363	120832
2.63664	121856
2.63699	122880
2.63733	123904
2.63819	124928
2.63854	125952
2.64302	126976
2.64337	128000
2.64371	129024
2.64406	130048
2.6444	131072
2.64475	132096
2.64509	133120
2.64544	134144
2.64578	135168
2.64613	136192
2.64647	137216
2.64682	138240
2.65234	139264
2.65268	140288
2.65303	141312
2.65337	142336
2.65372	143360
2.65406	144384
2.65441	145408
2.65475	146432
2.6551	147456
2.65544	148480
2.65579	149504
2.65613	150528
2.65648	151552
2.65682	152576
2.65717	153600
2.65906	154624
2.65941	155648
2.65975	156672
2.6601	157696
2.66614	158720
2.66648	159744
2.66683	160768
2.66717	161792
2.66752	162816
2.66786	163840
2.66821	164864
2.66855	165888
2.6689	166912
2.66924	167936
2.66959	168960
2.66993	169984
2.67028	171008
2.67062	172032
2.67097	173056
2.67131	174080
2.67165	175104
2.84067	176128
2.84101	177152
2.84136	178176
2.8417	179200
2.84205	180224
2.84239	181248
2.84274	182272
2.84308	183296
2.84343	184320
2.84377	185344
2.84515	186368
2.8455	187392
2.84584	188416
2.85119	189440
2.85153	190464
2.85188	191488
2.85222	192512
2.85257	193536
2.85291	194560
2.85326	195584
2.8536	196608
2.85395	197632
2.85429	198656
2.85464	199680
2.85498	200704
2.85533	201728
2.85567	202752
2.85602	203776
2.86154	204800
2.86188	205824
2.86223	206848
2.86257	207872
2.86292	208896
2.86326	209920
2.86361	210944
2.86395	211968
2.8643	212992
2.86464	214016
2.86499	215040
2.86533	216064
2.86568	217088
2.86602	218112
2.86637	219136
2.86809	220160
2.86844	221184
2.86878	222208
2.86913	223232
2.87534	224256
2.87568	225280
2.87603	226304
2.87637	227328
2.87672	228352
2.87706	229376
2.87741	230400
2.87775	231424
2.8781	232448
2.87844	233472
2.87879	234496
2.87913	235520
2.87948	236544
2.87982	237568
2.88017	238592
2.88051	239616
2.88086	240640
3.04504	241664
3.04539	242688
3.04574	243712
3.04608	244736
3.04643	245760
3.04677	246784
3.04712	247808
3.04746	248832
3.04781	249856
3.04815	250880
3.04953	251904
3.04988	252928
3.05022	253952
3.05574	254976
3.05609	256000
3.05643	257024
3.05678	258048
3.05712	259072
3.05747	260096
3.05781	261120
3.05816	262144
3.0585	263168
3.05885	264192
3.05919	265216
3.05954	266240
3.05988	267264
3.06023	268288
3.06057	269312
3.06609	270336
3.06644	271360
3.06678	272384
3.06713	273408
3.06747	274432
3.06782	275456
3.06816	276480
3.06851	277504
3.06885	278528
3.0692	279552
3.06954	280576
3.06989	281600
3.07023	282624
3.07058	283648
3.07092	284672
3.07264	285696
3.07299	286720
3.07333	287744
3.07368	288768
3.07989	289792
3.08023	290816
3.08058	291840
3.08092	292864
3.08127	293888
3.08161	294912
3.08196	295936
3.0823	296960
3.08265	297984
3.08299	299008
3.08334	300032
3.08368	301056
3.08403	302080
3.08437	303104
3.08472	304128
3.08506	305152
3.08541	306176
3.24941	307200
3.24977	308224
3.25011	309248
3.25046	310272
3.25081	311296
3.25115	312320
3.2515	313344
3.25184	314368
3.25219	315392
3.25253	316416
3.25391	317440
3.25426	318464
3.2546	319488
3.26012	320512
3.26047	321536
3.26081	322560
3.26116	323584
3.2615	324608
3.26185	325632
3.26219	326656
3.26254	327680
3.26288	328704
3.26323	329728
3.26357	330752
3.26392	331776
3.26426	332800
3.26461	333824
3.26495	334848
3.27047	335872
3.27082	336896
3.27116	337920
3.27151	338944
3.27185	339968
3.2722	340992
3.27254	342016
3.27289	343040
3.27323	344064
3.27358	345088
3.27392	346112
3.27427	347136
3.27461	348160
3.27496	349184
3.2753	350208
3.27702	351232
3.27737	352256
3.27771	353280
3.27806	354304
3.28426	355328
3.28461	356352
3.28495	357376
3.2853	358400
3.28565	359424
3.28599	360448
3.28634	361472
3.28668	362496
3.28703	363520
3.28737	364544
3.28772	365568
3.28806	366592
3.28841	367616
3.28875	368640
3.2891	369664
3.28944	370688
3.28979	371712
3.45379	372736
3.45414	373760
3.45449	374784
3.45483	375808
3.45518	376832
3.45553	377856
3.45587	378880
3.45622	379904
3.45657	380928
3.45691	381952
3.45829	382976
3.45863	384000
3.45898	385024
3.4645	386048
3.46484	387072
3.46519	388096
3.46554	389120
3.46588	390144
3.46623	391168
3.46657	392192
3.46692	393216
3.46726	394240
3.46761	395264
3.46795	396288
3.4683	397312
3.46864	398336
3.46899	399360
3.46933	400384
3.47485	401408
3.4752	402432
3.47554	403456
3.47588	404480
3.47623	405504
3.47657	406528
3.47692	407552
3.47726	408576
3.47761	409600
3.47795	410624
3.4783	411648
3.47864	412672
3.47899	413696
3.47933	414720
3.47968	415744
3.4814	416768
3.48175	417792
3.48209	418816
3.48244	419840
3.49468	420864
3.49502	421888
3.49537	422912
3.49571	423936
3.49606	424960
3.4964	425984
3.49675	427008
3.49709	428032
3.49744	429056
3.49778	430080
3.49813	431104
3.49847	432128
3.49882	433152
3.49916	434176
3.49951	435200
3.49985	436224
3.5002	437248
3.65816	438272
3.65851	439296
3.65886	440320
3.6592	441344
3.65956	442368
3.6599	443392
3.66024	444416
3.6606	445440
3.66094	446464
3.66129	447488
3.66266	448512
3.663	449536
3.66335	450560
3.66887	451584
3.66921	452608
3.66956	453632
3.66991	454656
3.67025	455680
3.6706	456704
3.67095	457728
3.6713	458752
3.67164	459776
3.67199	460800
3.67233	461824
3.67267	462848
3.67302	463872
3.67336	464896
3.67371	465920
3.67922	466944
3.67957	467968
3.67991	468992
3.68026	470016
3.68061	471040
3.68095	472064
3.6813	473088
3.68164	474112
3.68199	475136
3.68233	476160
3.68268	477184
3.68302	478208
3.68337	479232
3.68371	480256
3.68406	481280
3.68578	482304
3.68612	483328
3.68647	484352
3.68682	485376
3.69906	486400
3.6994	487424
3.69975	488448
3.70009	489472
3.70044	490496
3.70078	491520
3.70113	492544
3.70147	493568
3.70182	494592
3.70216	495616
3.70251	496640
3.70285	497664
3.7032	498688
3.70354	499712
3.70389	500736
3.70423	501760
3.70458	502784
3.86254	503808
3.86289	504832
3.86323	505856
3.86358	506880
3.86393	507904
3.86427	508928
3.86462	509952
3.86497	510976
3.86531	512000
3.86566	513024
3.86703	514048
3.86738	515072
3.86772	516096
3.87324	517120
3.87359	518144
3.87393	519168
3.87428	520192
3.87463	521216
3.87497	522240
3.87532	523264
3.87567	524288
3.87601	525312
3.87636	526336
3.87671	527360
3.87705	528384
3.8774	529408
3.87774	530432
3.87809	531456
3.8836	532480
3.88394	533504
3.88429	534528
3.88464	535552
3.88498	536576
3.88533	537600
3.88568	538624
3.88602	539648
3.88637	540672
3.88671	541696
3.88706	542720
3.8874	543744
3.88775	544768
3.88809	545792
3.88844	546816
3.89015	547840
3.8905	548864
3.89085	549888
3.89119	550912
3.90343	551936
3.90378	552960
3.90412	553984
3.90447	555008
3.90482	556032
3.90516	557056
3.90551	558080
3.90585	559104
3.9062	560128
3.90654	561152
3.90689	562176
3.90723	563200
3.90758	564224
3.90792	565248
3.90827	566272
3.90861	567296
3.90896	568320
4.06691	569344
4.06726	570368
4.06761	571392
4.06795	572416
4.0683	573440
4.06865	574464
4.06899	575488
4.06934	576512
4.06969	577536
4.07003	578560
4.07141	579584
4.07175	580608
4.0721	581632
4.07762	582656
4.07796	583680
4.07831	584704
4.07866	585728
4.079	586752
4.07935	587776
4.0797	588800
4.08004	589824
4.08039	590848
4.08074	591872
4.08108	592896
4.08143	593920
4.08178	594944
4.08212	595968
4.08247	596992
4.08797	598016
4.08832	599040
4.08866	600064
4.08901	601088
4.08936	602112
4.0897	603136
4.09005	604160
4.0904	605184
4.09074	606208
4.09109	607232
4.09144	608256
4.09178	609280
4.09213	610304
4.09247	611328
4.09282	612352
4.09453	613376
4.09487	614400
4.09522	615424
4.09557	616448
4.10797	617472
4.10831	618496
4.10866	619520
4.109	620544
4.10935	621568
4.10969	622592
4.11004	623616
4.11038	624640
4.11073	625664
4.11107	626688
4.11142	627712
4.11176	628736
4.11211	629760
4.11245	630784
4.11279	631808
4.11314	632832
4.11348	633856
4.27128	634880
4.27164	635904
4.27198	636928
4.27233	637952
4.27268	638976
4.27302	640000
4.27337	641024
4.27372	642048
4.27406	643072
4.27441	644096
4.27578	645120
4.27613	646144
4.27647	647168
4.28199	648192
4.28234	649216
4.28268	650240
4.28303	651264
4.28338	652288
4.28372	653312
4.28407	654336
4.28442	655360
4.28476	656384
4.28511	657408
4.28546	658432
4.2858	659456
4.28615	660480
4.2865	661504
4.28684	662528
4.29235	663552
4.29269	664576
4.29304	665600
4.29339	666624
4.29373	667648
4.29408	668672
4.29443	669696
4.29477	670720
4.29512	671744
4.29547	672768
4.29581	673792
4.29616	674816
4.29651	675840
4.29685	676864
4.2972	677888
4.2989	678912
4.29924	679936
4.2996	680960
4.29994	681984
4.31234	683008
4.31269	684032
4.31303	685056
4.31338	686080
4.31372	687104
4.31407	688128
4.31441	689152
4.31476	690176
4.3151	691200
4.31545	692224
4.31579	693248
4.31614	694272
4.31648	695296
4.31683	696320
4.31717	697344
4.31752	698368
4.31786	699392
4.47566	700416
4.47601	701440
4.47636	702464
4.4767	703488
4.47705	704512
4.4774	705536
4.47774	706560
4.47809	707584
4.47844	708608
4.47878	709632
4.48016	710656
4.4805	711680
4.48085	712704
4.48637	713728
4.48671	714752
4.48706	715776
4.48741	716800
4.48775	717824
4.4881	718848
4.48845	719872
4.48879	720896
4.48914	721920
4.48949	722944
4.48983	723968
4.49018	724992
4.49053	726016
4.49087	727040
4.49122	728064
4.49672	729088
4.49707	730112
4.49741	731136
4.49776	732160
4.49811	733184
4.49845	734208
4.4988	735232
4.49915	736256
4.49949	737280
4.49984	738304
4.50019	739328
4.50053	740352
4.50088	741376
4.50123	742400
4.50157	743424
4.50327	744448
4.50362	745472
4.50397	746496
4.50432	747520
4.51672	748544
4.51706	749568
4.51741	750592
4.51776	751616
4.5181	752640
4.51845	753664
4.51879	754688
4.51914	755712
4.51948	756736
4.51983	757760
4.52017	758784
4.52052	759808
4.52086	760832
4.52121	761856
4.52155	762880
4.5219	763904
4.52224	764928
4.68003	765952
4.68038	766976
4.68073	768000
4.68107	769024
4.68143	770048
4.68177	771072
4.68212	772096
4.68247	773120
4.68281	774144
4.68316	775168
4.68453	776192
4.68487	777216
4.68522	778240
4.69074	779264
4.69108	780288
4.69143	781312
4.69178	782336
4.69212	783360
4.69247	784384
4.69282	785408
4.69317	786432
4.69351	787456
4.69386	788480
4.69421	789504
4.69455	790528
4.6949	791552
4.69525	792576
4.69559	793600
4.70109	794624
4.70144	795648
4.70178	796672
4.70213	797696
4.70248	798720
4.70282	799744
4.70317	800768
4.70352	801792
4.70386	802816
4.70422	803840
4.70456	804864
4.70491	805888
4.70526	806912
4.7056	807936
4.70595	808960
4.70765	809984
4.70799	811008
4.70834	812032
4.72109	128000
4.92529	406016
4.92529	406018
5.12967	406020
5.13001	406022
5.13036	406024
5.1307	406026
5.13105	406028
5.13139	406030
5.13174	406032
5.13208	406034
5.13243	406036
5.13277	406038
5.13312	406040
5.13346	406042
5.13381	406044
5.13415	406046
5.1345	406048
5.13484	406050
5.13519	406052
5.13553	406054
5.13588	406056
5.13622	406058
5.13657	406060
5.13691	406062
5.13726	406064
5.1376	406066
5.13795	406068
5.13829	406070
5.13864	406072
5.13898	406074
5.13933	406076
5.13967	406078
5.14002	406080
5.14036	406082
5.14071	406084
5.14105	406086
5.1414	406088
5.14174	406090
5.14209	406092
5.14243	406094
5.14278	406096
5.14312	406098
5.14347	406100
5.14381	406102
5.14416	406104
5.1445	406106
5.14485	406108
5.14519	406110
5.14553	406112
5.14588	406114
5.14622	406116
5.14657	406118
5.14691	406120
5.14726	406122
5.1476	406124
5.14795	406126
5.14829	406128
5.14864	406130
5.14898	406132
5.14933	406134
5.14967	406136
5.15002	406138
5.15036	406140
5.15071	406142
5.15105	406144
5.1514	406146
5.33404	406148
5.33439	406150
5.33473	406152
5.33508	406154
5.33543	406156
5.33577	406158
5.33612	406160
5.33646	406162
5.33681	406164
5.33715	406166
5.3375	406168
5.33784	406170
5.33819	406172
5.33853	406174
5.33888	406176
5.33922	406178
5.33957	406180
5.33991	406182
5.34026	406184
5.3406	406186
5.34095	406188
5.34129	406190
5.34164	406192
5.34198	406194
5.34233	406196
5.34267	406198
5.34302	406200
5.34336	406202
5.34371	406204
5.34405	406206
5.3444	406208
5.34474	406210
5.34509	406212
5.34543	406214
5.34578	406216
5.34612	406218
5.34647	406220
5.34681	406222
5.34716	406224
5.3475	406226
5.34785	406228
5.34819	406230
5.34854	406232
5.34888	406234
5.34922	406236
5.34957	406238
5.34991	406240
5.35026	406242
5.3506	406244
5.35095	406246
5.35129	406248
5.35164	406250
5.35198	406252
5.35233	406254
5.35267	406256
5.35302	406258
5.35336	406260
5.35371	406262
5.35405	406264
5.3544	406266
5.35474	406268
5.35509	406270
5.35543	406272
5.35578	406274
5.53841	406276
5.53876	406278
5.5391	406280
5.53946	406282
5.5398	406284
5.54015	406286
5.5405	406288
5.54084	406290
5.54119	406292
5.54153	406294
5.54188	406296
5.54222	406298
5.54257	406300
5.54291	406302
5.54326	406304
5.5436	406306
5.54395	406308
5.54429	406310
5.54464	406312
5.54498	406314
5.54533	406316
5.54567	406318
5.54602	406320
5.54636	406322
5.54671	406324
5.54705	406326
5.5474	406328
5.54774	406330
5.54808	406332
5.54843	406334
5.54877	406336
5.54912	406338
5.54946	406340
5.54981	406342
5.55015	406344
5.5505	406346
5.55084	406348
5.55119	406350
5.55153	406352
5.55188	406354
5.55222	406356
5.55257	406358
5.55291	406360
5.55326	406362
5.5536	406364
5.55395	406366
5.55429	406368
5.55464	406370
5.55498	406372
5.55533	406374
5.55567	406376
5.55602	406378
5.55636	406380
5.55671	406382
5.55705	406384
5.5574	406386
5.55774	406388
5.55809	406390
5.55843	406392
5.55878	406394
5.55912	406396
5.55947	406398
5.55981	406400
5.56016	406402
5.74279	406404
5.74313	406406
5.74348	406408
5.74383	406410
5.74417	406412
5.74452	406414
5.74487	406416
5.74521	406418
5.74556	406420
5.74591	406422
5.74625	406424
5.7466	406426
5.74694	406428
5.74729	406430
5.74763	406432
5.74798	406434
5.74832	406436
5.74867	406438
5.74901	406440
5.74936	406442
5.7497	406444
5.75005	406446
5.75039	406448
5.75074	406450
5.75108	406452
5.75143	406454
5.75177	406456
5.75212	406458
5.75246	406460
5.75281	406462
5.75315	406464
5.7535	406466
5.75384	406468
5.75419	406470
5.75453	406472
5.75488	406474
5.75522	406476
5.75557	406478
5.75591	406480
5.75626	406482
5.7566	406484
5.75695	406486
5.75729	406488
5.75764	406490
5.75798	406492
5.75833	406494
5.75867	406496
5.75902	406498
5.75936	406500
5.75971	406502
5.76005	406504
5.7604	406506
5.76074	406508
5.76109	406510
5.76143	406512
5.76178	406514
5.76212	406516
5.76247	406518
5.76281	406520
5.76316	406522
5.7635	406524
5.76385	406526
5.76419	406528
5.76454	406530
5.94716	406532
5.94751	406534
5.94785	406536
5.9482	406538
5.94855	406540
5.94889	406542
5.94924	406544
5.94959	406546
5.94993	406548
5.95028	406550
5.95063	406552
5.95097	406554
5.95132	406556
5.95167	406558
5.95201	406560
5.95236	406562
5.9527	406564
5.95305	406566
5.95339	406568
5.95374	406570
5.95408	406572
5.95443	406574
5.95477	406576
5.95512	406578
5.95546	406580
5.95581	406582
5.95615	406584
5.9565	406586
5.95684	406588
5.95719	406590
5.95753	406592
5.95788	406594
5.95822	406596
5.95857	406598
5.95891	406600
5.95926	406602
5.9596	406604
5.95995	406606
5.96029	406608
5.96064	406610
5.96098	406612
5.96133	406614
5.96167	406616
5.96202	406618
5.96236	406620
5.96271	406622
5.96305	406624
5.9634	406626
5.96374	406628
5.96409	406630
5.96443	406632
5.96478	406634
5.96512	406636
5.96547	406638
5.96581	406640
5.96616	406642
5.9665	406644
5.96685	406646
5.96719	406648
5.96754	406650
5.96788	406652
5.96823	406654
5.96857	406656
5.96892	406658
6.15154	406660
6.15188	406662
6.15223	406664
6.15258	406666
6.15292	406668
6.15327	406670
6.15362	406672
6.15396	406674
6.15431	406676
6.15466	406678
6.155	406680
6.15535	406682
6.1557	406684
6.15604	406686
6.15639	406688
6.15674	406690
6.15708	406692
6.15743	406694
6.15777	406696
6.15812	406698
6.15846	406700
6.15881	406702
6.15915	406704
6.1595	406706
6.15984	406708
6.16019	406710
6.16053	406712
6.16088	406714
6.16122	406716
6.16157	406718
6.16191	406720
6.16226	406722
6.1626	406724
6.16295	406726
6.16329	406728
6.16364	406730
6.16398	406732
6.16433	406734
6.16467	406736
6.16502	406738
6.16536	406740
6.16571	406742
6.16605	406744
6.1664	406746
6.16674	406748
6.16709	406750
6.16743	406752
6.16778	406754
6.16812	406756
6.16847	406758
6.16881	406760
6.16916	406762
6.1695	406764
6.16985	406766
6.17019	406768
6.17054	406770
6.17088	406772
6.17123	406774
6.17157	406776
6.17192	406778
6.17226	406780
6.17261	406782
6.17295	406784
6.1733	406786
6.35591	406788
6.35626	406790
6.3566	406792
6.35695	406794
6.3573	406796
6.35764	406798
6.35799	406800
6.35834	406802
6.35868	406804
6.35903	406806
6.35938	406808
6.35972	406810
6.36007	406812
6.36042	406814
6.36076	406816
6.36111	406818
6.36146	406820
6.3618	406822
6.36215	406824
6.3625	406826
6.36284	406828
6.36319	406830
6.36353	406832
6.36388	406834
6.36422	406836
6.36457	406838
6.36491	406840
6.36526	406842
6.3656	406844
6.36595	406846
6.36629	406848
6.36664	406850
6.36698	406852
6.36733	406854
6.36767	406856
6.36802	406858
6.36836	406860
6.36871	406862
6.36905	406864
6.3694	406866
6.36974	406868
6.37009	406870
6.37043	406872
6.37078	406874
6.37112	406876
6.37147	406878
6.37181	406880
6.37216	406882
6.3725	406884
6.37285	406886
6.37319	406888
6.37354	406890
6.37388	406892
6.37423	406894
6.37457	406896
6.37492	406898
6.37526	406900
6.37561	406902
6.37595	406904
6.3763	406906
6.37664	406908
6.37699	406910
6.37733	406912
6.37768	406914
6.56028	406916
6.56063	406918
6.56097	406920
6.56133	406922
6.56167	406924
6.56202	406926
6.56237	406928
6.56271	406930
6.56306	406932
6.56341	406934
6.56375	406936
6.5641	406938
6.56445	406940
6.56479	406942
6.56514	406944
6.56549	406946
6.56583	406948
6.56618	406950
6.56653	406952
6.56687	406954
6.56722	406956
6.56757	406958
6.56791	406960
6.56826	406962
6.5686	406964
6.56895	406966
6.56929	406968
6.56964	406970
6.56998	406972
6.57033	406974
6.57067	406976
6.57102	406978
6.57136	406980
6.57171	406982
6.57205	406984
6.5724	406986
6.57274	406988
6.57309	406990
6.57343	406992
6.57378	406994
6.57412	406996
6.57447	406998
6.57481	407000
6.57516	407002
6.5755	407004
6.57585	407006
6.57619	407008
6.57654	407010
6.57688	407012
6.57723	407014
6.57757	407016
6.57792	407018
6.57826	407020
6.57861	407022
6.57895	407024
6.5793	407026
6.57964	407028
6.57999	407030
6.58033	407032
6.58068	407034
6.58102	407036
6.58137	407038
6.58171	407040
6.58206	407042
6.76466	407044
6.765	407046
6.76535	407048
6.7657	407050
6.76604	407052
6.76639	407054
6.76674	407056
6.76708	407058
6.76743	407060
6.76778	407062
6.76813	407064
6.76847	407066
6.76882	407068
6.76917	407070
6.76951	407072
6.76986	407074
6.77021	407076
6.77108	128000
6.97527	203538
6.97527	203543
7.17965	203548
7.17999	203553
7.18034	203558
7.18068	203563
7.18103	203568
7.18137	203573
7.18172	203578
7.18206	203583
7.18293	128000
7.1831	127543
7.18327	127314
7.18345	127085
7.18362	126857
7.18379	126628
7.18396	126399
7.18414	126170
7.18431	125942
7.18448	125713
7.18465	125484
7.18483	125255
7.185	125027
7.18517	124798
7.18534	124569
7.18552	124340
7.18569	124112
7.18586	123883
7.18603	123654
7.1862	123425
7.18638	123197
7.18655	122968
7.18672	122739
7.18689	122510
7.18707	122282
7.18724	122053
7.18741	121824
7.18758	121595
7.18776	121367
7.18793	121138
7.1881	120909
7.18827	120680
7.18845	120451
7.18862	120223
7.18879	119994
7.18896	119765
7.18914	119536
7.18931	119308
7.18948	119079
7.18965	118850
7.18983	118621
7.19	116736
7.19017	115712
7.19034	114688
7.19052	113664
7.19069	112640
7.19086	111616
7.19103	110592
7.19121	109568
7.19138	108544
7.19155	107520
7.19172	106496
7.1919	105472
7.19207	104448
7.19224	103424
7.19241	102400
7.19259	101791
7.19276	101376
7.38713	101791
7.38713	101801
7.5915	101811
7.59185	101821
7.59219	101831
7.59254	101841
7.59288	101851
7.59323	101861
7.59357	101871
7.59392	101881
7.59426	101891
7.59461	101901
7.59495	101911
7.5953	101921
7.59564	101931
7.59599	101941
7.59633	101951
7.59668	101961
7.59702	101971
7.59737	101981
7.59771	101991
7.59806	102001
7.5984	102011
7.59875	102021
7.59909	102031
7.59944	102041
7.59978	102051
7.60013	102061
7.60047	102071
7.60082	102081
7.60116	102091
7.60151	102101
7.60185	102111
7.6022	102121
7.60254	102131
7.60289	102141
7.60323	102151
7.60358	102161
7.60392	102171
7.60427	102181
7.60461	102191
7.60496	102201
7.6053	102211
7.60565	102221
7.60599	102231
7.60634	102241
7.60668	102251
7.60703	102261
7.60737	102271
7.60772	102281
7.60806	102291
7.7957	102301
7.79605	102311
7.79639	102321
7.79674	102331
7.79708	102341
7.79743	102351
7.79777	102361
7.79812	102371
7.79846	102381
7.79881	102391
7.79915	102401
7.7995	102411
7.79984	102421
7.80019	102431
7.80053	102441
7.80088	102451
7.80122	102461
7.80157	102471
7.80191	102481
7.80226	102491
7.8026	102501
7.80295	102511
7.80329	102521
7.80364	102531
7.80398	102541
7.80433	102551
7.80467	102561
7.80502	102571
7.80536	102581
7.80571	102591
7.80605	102601
7.8064	102611
7.80674	102621
7.80708	102631
7.80743	102641
7.80777	102651
7.80812	102661
7.80846	102671
7.80881	102681
7.80915	102691
7.8095	102701
7.80984	102711
7.81019	102721
7.81053	102731
7.81088	102741
7.81122	102751
7.81157	102761
7.81191	102771
7.81226	102781
8.00042	101376
8.00059	100352
8.00076	99816
8.00094	99296
8.00111	98776
8.00128	98255
8.00145	97735
8.00163	97215
8.0018	96695
8.00197	96175
8.00214	95655
8.00232	95134
8.00249	94614
8.00266	94094
8.00283	93574
8.00301	93054
8.00318	92533
8.00335	92013
8.00352	91493
8.0037	90973
8.00387	90453
8.00404	89933
8.00421	89412
8.00439	88892
8.00456	88372
8.00473	87852
8.0049	87332
8.00508	86812
8.00525	86291
8.00542	85771
8.00559	85251
8.00577	84731
8.00594	84211
8.00611	83690
8.00628	83170
8.00646	82650
8.00663	82130
8.0068	81610
8.00697	81090
8.00715	80569
8.00732	80049
8.00749	79529
8.00766	79009
8.00784	78489
8.00801	77969
8.00818	77448
8.00835	76928
8.00853	76408
8.0087	75888
8.00887	75368
8.00904	74847
8.00922	74327
8.00939	73807
8.00956	73287
8.00973	72767
8.00991	72247
8.01008	71726
8.01025	71206
8.01042	70686
8.0106	70166
8.01077	69646
8.01094	69126
8.01111	68605
8.01129	68085
8.01146	67565
8.01163	67045
8.0118	66525
8.01198	66004
8.01215	65484
8.01232	64964
8.01249	64444
8.01267	63924
8.01284	63404
8.01301	62883
8.01318	62363
8.01336	61843
8.01353	61323
8.0137	60803
8.01387	60283
8.01405	59762
8.01422	59242
8.01439	57344
8.01456	56320
8.01474	55296
8.01491	54272
8.01508	53248
8.01525	52224
8.01543	51390
8.01577	51200
8.01612	50176
8.20479	51390
8.20531	51200
8.21997	51390
8.21997	51410
8.41158	51430
8.41193	51450
8.41227	51470
8.41262	51490
8.41296	51510
8.41331	51530
8.41399	51550
8.41468	51570
8.41537	51590
8.41606	51610
8.41675	51630
8.41744	51650
8.41813	51670
8.42434	51690
8.42469	51710
8.42503	51730
8.42538	51750
8.42572	51770
8.42607	51790
8.42641	51810
8.42676	51830
8.4271	51850
8.42745	51870
8.42779	51890
8.42814	51910
8.61595	51930
8.6163	51950
8.61664	51970
8.61699	51990
8.61733	52010
8.61768	52030
8.61837	52050
8.61906	52070
8.61975	52090
8.62044	52110
8.62113	52130
8.62181	52150
8.6225	52170
8.62871	52190
8.62906	52210
8.6294	52230
8.62975	52304
8.63009	52348
8.63044	52454
8.63078	52625
8.63113	52742
8.63147	52927
8.63182	53182
8.63216	53360
8.63251	53608
8.82032	53781
8.82067	54023
8.82101	54192
8.82136	54308
8.8217	54490
8.82205	54615
8.82274	54806
8.82343	55065
8.82412	55247
8.82481	55495
8.8255	55811
8.82619	56034
8.82688	56327
8.83309	56533
8.83343	56806
8.83378	57147
8.83412	57387
8.83447	57555
8.83481	57788
8.83516	57952
8.8355	58064
8.83585	58239
8.83619	58360
8.83654	58440
8.83688	58579
8.83723	58673
9.0247	58828
9.02504	58934
9.02539	59101
9.02573	59331
9.02608	59492
9.02642	59603
9.02694	59775
9.02763	59894
9.02832	59973
9.02901	60022
9.02935	60048
9.02987	60127
9.03056	60264
9.03125	60357
9.03729	60236
9.03763	60126
9.03798	60036
9.03832	59949
9.03866	59891
9.03901	59831
9.03935	59769
9.0397	59744
9.04004	59711
9.04039	59672
9.04073	59675
9.04108	59665
9.04142	59644
9.04177	59615
9.22889	59632
9.22924	59649
9.22958	59666
9.22993	59683
9.23027	59700
9.23062	59717
9.23096	59734
9.23131	59751
9.232	59768
9.23269	59785
9.23338	59802
9.23372	59819
9.23424	59836
9.23493	59853
9.23562	59863
9.24166	59841
9.242	59798
9.24235	59738
9.24269	59654
9.24304	59559
9.24338	59449
9.24373	59329
9.24407	59207
9.24442	59085
9.24476	58971
9.24511	58860
9.24545	58767
9.2458	58701
9.24614	58634
9.43327	58565
9.43361	58533
9.43396	58545
9.4343	58542
9.43465	58588
9.43499	58689
9.43534	58755
9.43568	58878
9.43637	58961
9.43706	59013
9.43775	59121
9.43809	59192
9.43861	59320
9.4393	59407
9.4462	58368
9.44637	57782
9.44655	57489
9.44672	57195
9.44689	56902
9.44706	56609
9.44724	56315
9.44741	56022
9.44758	55729
9.44775	55435
9.44793	55142
9.44827	54849
9.44844	54556
9.44862	54262
9.44879	53969
9.44896	53676
9.44913	53382
9.44931	53089
9.44948	52796
9.44965	52502
9.44982	52209
9.45	51916
9.45017	51623
9.45034	51329
9.45051	51036
9.63747	50743
9.63764	50449
9.63781	50156
9.63798	49863
9.63816	49569
9.63833	49276
9.6385	48983
9.63867	48690
9.63885	48396
9.63902	48103
9.63919	47810
9.63936	47516
9.63954	47223
9.63971	46930
9.63988	46636
9.64005	46343
9.64057	46050
9.64074	45757
9.64126	45463
9.64143	45170
9.64195	44877
9.64212	43842
9.6423	43008
9.65057	43842
9.65057	43865
9.65109	43888
9.65161	43911
9.65195	43934
9.65264	43957
9.65316	43980
9.65368	44003
9.6542	44026
9.65454	44049
9.84184	44164
9.84236	44195
9.84287	44354
9.84339	44422
9.84374	44608
9.84425	44700
9.84546	44727
9.84649	44709
9.84701	44659
9.8477	44586
9.84805	44496
9.85443	44481
9.85477	44550
9.85546	44711
9.85598	44967
9.85633	45121
9.85702	45204
9.85753	45373
9.85805	45469
9.85857	45648
9.85891	45913
10.046	45935
10.0466	45957
10.0471	45979
10.0476	46001
10.0479	46023
10.0485	46045
10.0497	46067
10.0507	46089
10.0512	46111
10.0519	46133
10.0522	46155
10.0586	46177
10.059	46199
10.0597	46221
10.0602	46243
10.0605	46265
10.0609	46287
10.0614	46276
10.0619	46225
10.0624	46140
10.0629	46026
10.0633	45899
10.2504	45752
10.2509	45593
10.2514	45431
10.252	45277
10.2523	45127
10.2528	45150
10.254	45173
10.2551	45196
10.2554	45219
10.2561	45242
10.2564	45265
10.2628	45288
10.2632	45311
10.2639	45334
10.2644	45357
10.2647	45380
10.2651	45403
10.2656	45426
10.2661	45449
10.2666	45472
10.2671	45495
10.2677	45518
10.4548	45541
10.4553	45564
10.4558	45587
10.4563	45610
10.4567	45632
10.4572	45654
10.4584	45683
10.4594	45780
10.4598	45951
10.4605	46201
10.4608	46532
10.4672	46747
10.4675	47042
10.4682	47235
10.4688	47506
10.4691	47680
10.4694	47931
10.47	48261
10.4705	48670
10.471	49155
10.4715	49712
10.472	50079
10.6592	50319
10.6597	50634
10.6602	50840
10.6607	51120
10.6611	51301
10.6616	51555
10.6628	51883
10.6638	52284
10.6642	52548
10.6648	52884
10.6652	53104
10.6714	52966
10.6717	52841
10.6724	52717
10.6728	52617
10.6731	52516
10.6735	52448
10.6738	52424
10.6743	52385
10.6747	52334
10.6752	52273
10.6755	52204
10.6759	52178
10.6764	52204
10.8635	52290
10.8639	52442
10.8644	52533
10.8649	52690
10.8652	52785
10.8656	52947
10.8659	53179
10.8671	53327
10.8682	53416
10.8685	53462
10.869	53477
10.8694	53468
10.8756	53328
10.8759	53195
10.8766	53063
10.877	52951
10.8773	52839
10.8777	52755
10.878	52667
10.8785	52576
10.8789	52521
10.8794	52457
10.8797	52437
10.8803	52401
10.8808	52415
11.0679	52486
11.0682	52518
11.0686	52522
11.0691	52504
11.0694	52469
11.0698	52485
11.0701	52476
11.0713	52399
11.0717	52364
11.0726	52380
11.0729	52453
11.0734	52590
11.0738	52797
11.08	53075
11.0808	53255
11.0812	53367
11.0815	53430
11.0819	53556
11.0822	53629
11.0827	53766
11.0831	53847
11.0836	53887
11.0839	53988
11.0845	54043
11.085	54159
11.2721	54178
11.2724	54197
11.2728	54216
11.2733	54235
11.2736	54254
11.274	54273
11.2743	54292
11.2755	54311
11.2759	54330
11.2768	54349
11.2771	54368
11.2776	54387
11.278	54406
11.2842	54425
11.285	54444
11.2854	54463
11.2857	54482
11.2861	54501
11.2864	54494
11.2868	54453
11.2871	54393
11.2874	54307
11.288	54200
11.2883	54084
11.2888	53955
11.2893	53823
11.4765	53688
11.4768	53559
11.4772	53429
11.4777	53316
11.478	53203
11.4784	53091
11.4787	52979
11.4797	52867
11.4801	52755
11.481	52643
11.4813	52531
11.4818	52448
11.4822	52361
11.4884	52227
11.4892	52089
11.4896	51948
11.4899	51813
11.4903	51679
11.4906	51562
11.491	51473
11.4913	51381
11.4916	51326
11.4922	51261
11.4927	51241
11.4932	51204
11.4937	51218
11.6808	51291
11.6812	51324
11.6815	51419
11.682	51469
11.6826	51582
11.6829	51763
11.6839	51876
11.6843	51939
11.6851	51966
11.6855	51967
11.686	51947
11.6864	51910
11.6926	51768
11.6934	51626
11.6939	51491
11.6943	51357
11.6946	51242
11.695	51155
11.6953	51064
11.6957	51012
11.696	50950
11.6965	50933
11.6971	50899
11.6976	50917
11.6981	50909
11.8852	50882
11.8856	50907
11.8859	50993
11.8864	51146
11.8869	51372
11.8873	51516
11.8883	51601
11.8887	51753
11.8895	51976
11.8899	52272
11.8904	52641
11.8907	53081
11.8969	53589
11.8978	54160
11.8983	54536
11.8987	54981
11.899	55275
11.8995	55466
11.8999	55725
11.9002	55893
11.9007	56128
11.9013	56279
11.9018	56496
11.9023	56635
12.0894	56653
12.0898	56671
12.0901	56689
12.0906	56707
12.0911	56725
12.0915	56743
12.0918	56761
12.0927	56779
12.093	56797
12.0939	56815
12.0942	56833
12.0946	56851
12.0949	56869
12.1011	56887
12.1015	56905
12.1022	56923
12.1027	56941
12.103	56951
12.1034	56936
12.1037	56890
12.1041	56826
12.1044	56747
12.1048	56647
12.1051	56538
12.1056	56416
12.1061	56291
12.1065	56163
12.2936	56181
12.294	56199
12.2943	56217
12.2948	56235
12.2953	56253
12.2957	56271
12.296	56289
12.2969	56307
12.2972	56325
12.2981	56343
12.2984	56361
12.2988	56379
12.2991	56397
12.3053	56415
12.3057	56433
12.3064	56451
12.3069	56469
12.3072	56485
12.3076	56466
12.3079	56416
12.3083	56348
12.3086	56257
12.309	56147
12.3093	56030
12.3098	55903
12.3103	55774
12.3109	55644
12.498	55522
12.4983	55402
12.4987	55299
12.4992	55195
12.4997	55120
12.5001	55041
12.5004	54999
12.5013	54947
12.5016	54938
12.5023	54912
12.5026	54934
12.503	55012
12.5033	55051
12.5095	54919
12.5099	54797
12.5106	54677
12.5111	54558
12.5114	54440
12.5118	54345
12.5121	54248
12.5125	54150
12.5128	54084
12.5133	54011
12.5137	53978
12.5142	53932
12.5152	53912
12.7024	53876
12.7027	53889
12.703	53879
12.7039	53920
12.7043	53932
12.7046	53999
12.7055	54029
12.7058	54118
12.7065	54164
12.7068	54270
12.7072	54330
12.7075	54355
12.7137	54219
12.7141	54086
12.7148	53954
12.7153	53823
12.7156	53707
12.716	53616
12.7163	53523
12.7168	53464
12.7172	53397
12.7177	53372
12.718	53332
12.7186	53340
12.7191	53326
12.7196	53364
12.9067	53462
12.9071	53515
12.9074	53630
12.9083	53695
12.9086	53823
12.909	54019
12.9098	54284
12.9102	54456
12.9109	54697
12.9112	54852
12.9116	55075
12.9119	55367
12.9179	55250
12.9185	55157
12.9191	55063
12.9197	55002
12.92	54933
12.9203	54859
12.9207	54824
12.9212	54776
12.9216	54774
12.9221	54752
12.9224	54780
12.9229	54866
12.9235	55016
12.924	55233
13.1116	53248
13.1118	52934
13.1125	52777
13.1126	52619
13.1128	52462
13.113	52305
13.1132	52148
13.1133	51990
13.114	51833
13.1142	51676
13.1144	51519
13.1145	51361
13.1147	51204
13.1151	51047
13.1152	50890
13.1154	50732
13.1156	50575
13.1158	50418
13.1159	50261
13.1161	50103
13.1163	49946
13.1164	49789
13.1221	49632
13.1227	49474
13.1228	49317
13.1233	49160
13.1235	49003
13.1239	47671
13.124	47104
13.316	47671
13.316	47810
13.3168	48250
13.3172	48430
13.3182	48452
13.3186	48636
13.3189	48978
13.3196	49467
13.32	50089
13.3205	50419
13.3263	50123
13.327	49843
13.3282	49576
13.3286	49344
13.3289	49160
13.3293	48975
13.3298	48847
13.3301	48707
13.3306	48629
13.331	48624
13.3315	48699
13.332	48709
13.3325	48797
13.5198	48968
13.5202	49046
13.5212	49063
13.5216	49037
13.5224	48980
13.5228	48984
13.5231	48951
13.5238	48891
13.5242	48812
13.5245	48717
13.5248	48671
13.5305	48508
13.5314	48403
13.5326	48424
13.5329	48445
13.5333	48466
13.534	48487
13.5343	48508
13.5348	48529
13.5352	48550
13.5357	48571
13.5362	48592
13.5367	48613
13.724	48634
13.7244	48655
13.7254	48676
13.7258	48697
13.7266	48718
13.727	48739
13.7273	48760
13.728	48781
13.7284	48802
13.7287	48823
13.729	48844
13.7347	48865
13.7356	48886
13.7368	48907
13.7371	48928
13.7375	48949
13.7382	48970
13.7385	48991
13.739	49012
13.7394	49033
13.7399	49054
13.7404	49075
13.7409	49096
13.9282	49117
13.9286	49138
13.9296	49159
13.93	49180
13.9308	49201
13.9312	49222
13.9315	49243
13.9322	49264
13.9326	49285
13.9329	49306
13.9332	49327
13.9389	49348
13.9398	49369
13.941	49390
13.9413	49411
13.9417	49432
13.9424	49453
13.9427	49474
13.9432	49495
13.9436	49516
13.9441	49537
13.9446	49558
13.9451	49579
14.1324	49600
14.1328	49621
14.1338	49642
14.1342	49663
14.1345	49684
14.1352	49705
14.1355	49726
14.1359	49747
14.1366	49768
14.1369	49789
14.1373	49810
14.1376	49831
14.1433	49852
14.1442	49873
14.1454	49894
14.1457	49915
14.1461	49936
14.1468	49956
14.1471	49976
14.1476	49996
14.148	50016
14.1485	50036
14.149	50056
14.1495	50076
14.3368	50096
14.3372	50116
14.3382	50136
14.3385	50156
14.3389	50176
14.3396	50196
14.3399	50216
14.3403	50236
14.3409	50256
14.3413	50276
14.3416	50296
14.342	50353
14.3477	50475
14.3485	50667
14.3497	50932
14.3501	51083
14.3504	51305
14.3511	51428
14.3515	51620
14.352	51884
14.3523	52035
14.3528	52256
14.3534	52379
14.3539	52570
14.5412	52672
14.5415	52842
14.5426	53082
14.5429	53394
14.5433	53576
14.5438	53673
14.5441	53712
14.5445	53711
14.5451	53681
14.5455	53630
14.5458	53625
14.5462	53592
14.5519	53453
14.5527	53313
14.5539	53174
14.5543	53035
14.5546	52901
14.555	52781
14.5555	52686
14.5558	52626
14.5564	52551
14.5567	52518
14.5572	52464
14.5576	52394
14.5581	52313
14.7454	52333
14.7457	52353
14.7468	52373
14.7471	52393
14.7475	52413
14.7478	52433
14.7481	52452
14.7485	52471
14.7488	52490
14.7495	52509
14.7499	52528
14.7502	52547
14.7506	52566
14.7562	52585
14.7571	52604
14.7585	52623
14.7588	52642
14.7592	52649
14.7597	52631
14.76	52591
14.7606	52533
14.7609	52447
14.7614	52349
14.7618	52232
14.7623	52108
14.9496	52128
14.9499	52148
14.951	52168
14.9513	52188
14.9517	52208
14.952	52228
14.9523	52248
14.9527	52268
14.953	52288
14.9537	52308
14.9541	52328
14.9544	52348
14.9548	52368
14.9604	52388
14.9613	52408
14.9627	52428
14.963	52448
14.9634	52467
14.9639	52486
14.9642	52484
14.9648	52447
14.9651	52390
14.9656	52318
14.966	52220
14.9665	52112
15.154	52030
15.1543	52050
15.1553	52070
15.1557	52090
15.156	52110
15.1564	52130
15.1567	52150
15.1571	52170
15.1574	52190
15.1579	52210
15.1583	52230
15.1586	52250
15.159	52270
15.1646	52290
15.1655	52310
15.1669	52330
15.1672	52350
15.1676	52370
15.1681	52390
15.1684	52410
15.169	52430
15.1693	52449
15.1698	52468
15.1702	52487
15.1709	52506
15.3583	52525
15.3587	52544
15.3597	52563
15.36	52582
15.3604	52601
15.3607	52679
15.3611	52704
15.3614	52788
15.3618	52937
15.3623	53012
15.3626	53151
15.363	53360
15.3633	53475
15.3688	53336
15.3697	53197
15.3711	53058
15.3714	52919
15.3718	52848
15.3723	52867
15.3726	52886
15.3732	52905
15.3735	52924
15.374	52943
15.3744	52962
15.3751	52981
15.5625	53000
15.5629	53019
15.5639	53038
15.5642	53057
15.5646	53076
15.5649	53095
15.5653	53114
15.5656	53133
15.566	53152
15.5665	53171
15.5668	53190
15.5672	53209
15.5675	53228
15.5679	53247
15.5732	53266
15.5753	53285
15.5756	53304
15.576	53323
15.5765	53342
15.5768	53361
15.5774	53380
15.5777	53399
15.5782	53418
15.5786	53437
15.5793	53456
15.7667	53475
15.7671	53494
15.7681	53513
15.7684	53532
15.7688	53551
15.7691	53570
15.7695	53589
15.7698	53608
15.7702	53627
15.7707	53646
15.771	53665
15.7714	53684
15.7717	53703
15.7721	53722
15.7774	53741
15.7778	53760
15.7797	53779
15.78	53798
15.7803	53817
15.7809	53836
15.7812	53855
15.7817	53874
15.7821	53893
15.7826	53912
15.7829	53931
15.7836	53950
15.9711	53969
15.9714	53988
15.9725	54007
15.9728	54026
15.9732	54045
15.9735	54064
15.9739	54083
15.9742	54102
15.9745	54121
15.9751	54140
15.9754	54159
15.9757	54205
15.9761	54210
15.9764	54269
15.9818	54389
15.9821	54444
15.984	54456
15.9844	54522
15.9847	54650
15.9852	54711
15.9856	54833
15.9861	54890
15.9864	55007
15.987	55189
15.9873	55286
15.988	55446
16.1755	55675
16.1758	55973
16.1768	56339
16.1772	56557
16.1775	56843
16.1779	57196
16.1782	57406
16.1786	57683
16.1789	58026
16.1794	58434
16.1798	58903
16.1801	59186
16.1805	59534
16.1808	59945
16.1862	60193
16.1865	60336
16.1882	60326
16.1886	60363
16.1889	60453
16.1894	60491
16.1898	60583
16.1903	60621
16.1906	60713
16.1912	60752
16.1915	60755
16.1922	60731
16.1925	60688
16.3798	60686
16.3802	60658
16.3812	60612
16.3816	60552
16.3819	60529
16.3823	60486
16.3826	60428
16.3829	60408
16.3833	60368
16.3836	60312
16.384	60295
16.3843	60256
16.3847	60201
16.385	60134
16.3854	60058
16.3857	59975
16.3905	59923
16.3909	59911
16.3926	59945
16.3929	60033
16.3933	60069
16.394	60118
16.3945	60127
16.3948	60186
16.3954	60202
16.3957	60269
16.3964	60290
16.3967	60363
16.584	60380
16.5844	60397
16.5854	60414
16.5858	60431
16.5861	60448
16.5865	60465
16.5868	60482
16.5871	60499
16.5877	60516
16.588	60533
16.5883	60550
16.5887	60567
16.589	60584
16.5894	60601
16.5897	60618
16.5901	60635
16.5949	60652
16.5952	60654
16.597	60624
16.5973	60577
16.5977	60506
16.598	60424
16.5984	60333
16.5989	60226
16.5992	60114
16.5997	59994
16.6001	59873
16.6008	59751
16.6011	59629
16.7884	59517
16.7888	59424
16.7898	59358
16.7901	59283
16.7905	59200
16.7908	59149
16.7912	59085
16.7915	59011
16.7919	58971
16.7922	58915
16.7925	58898
16.7929	58927
16.7932	58922
16.7936	58965
16.7939	59064
16.7943	59107
16.7991	58985
16.7994	58864
16.8012	58739
16.8015	58614
16.8019	58496
16.8022	58378
16.8026	58275
16.8032	58170
16.8036	58090
16.8041	58003
16.8044	57948
16.8051	57880
16.8055	57849
16.9928	57864
16.9931	57848
16.9943	57809
16.9947	57814
16.995	57791
16.9954	57747
16.9957	57746
16.9961	57718
16.9964	57670
16.9967	57665
16.9971	57634
16.9974	57584
16.9978	57576
16.9981	57543
16.9985	57491
17.0033	57361
17.0036	57236
17.0054	57107
17.0057	56984
17.0061	56861
17.0064	56773
17.0067	56791
17.0076	56809
17.008	56827
17.0085	56845
17.0088	56889
17.0095	56990
17.0099	57155
17.1972	57242
17.1975	57390
17.1987	57603
17.199	57722
17.1994	57904
17.1997	58151
17.2001	58293
17.2004	58498
17.2008	58768
17.2011	58925
17.2015	59145
17.2018	59430
17.2022	59597
17.2025	59827
17.2028	60121
17.2077	60479
17.2096	60559
17.2099	60697
17.2103	60767
17.2106	60894
17.2109	61081
17.2118	61184
17.2122	61231
17.2127	61240
17.2139	59392
17.2141	58978
17.2142	58770
17.4014	58563
17.4015	58355
17.4017	58148
17.4019	57940
17.402	57733
17.4029	57525
17.4031	57318
17.4032	57110
17.4034	56903
17.4036	56695
17.4038	56488
17.4039	56280
17.4041	56073
17.4043	55865
17.4045	55658
17.4046	55450
17.4048	55243
17.405	55036
17.4051	54828
17.4053	54621
17.4055	54413
17.4057	54206
17.4058	53998
17.406	53791
17.4062	53583
17.4064	53376
17.4065	53168
17.4067	52961
17.4069	52753
17.407	52546
17.4072	52338
17.4074	52131
17.4076	51923
17.4119	51716
17.412	51508
17.4122	51301
17.4138	51093
17.4139	49808
17.4141	49152
17.4181	49808
17.4181	49829
17.6056	49850
17.6061	49871
17.6071	49892
17.6076	49913
17.608	49934
17.6085	49954
17.6088	49974
17.6093	49994
17.6097	50014
17.6102	50034
17.6106	50054
17.6111	50074
17.6114	50094
17.6161	50114
17.6164	50134
17.6185	50154
17.6188	50174
17.6192	50194
17.6195	50214
17.6204	50234
17.6207	50254
17.6212	50274
17.6218	50294
17.6223	50314
17.8099	50334
17.8104	50354
17.8115	50374
17.812	50394
17.8123	50414
17.8129	50434
17.8132	50454
17.8137	50474
17.8141	50494
17.8146	50514
17.8149	50534
17.8154	50554
17.8158	50615
17.8204	50745
17.8208	50948
17.8229	51225
17.8232	51362
17.8235	51571
17.8239	51855
17.8246	51996
17.8249	52208
17.8254	52306
17.826	52472
17.8265	52540
18.0141	52559
18.0146	52578
18.0157	52597
18.0162	52616
18.0165	52635
18.0171	52654
18.0174	52673
18.0179	52692
18.0183	52711
18.0188	52730
18.0191	52749
18.0196	52768
18.02	52787
18.0246	52806
18.025	52825
18.0271	52844
18.0274	52863
18.0277	52882
18.0281	52901
18.0284	52920
18.029	52915
18.0293	52888
18.0298	52829
18.0302	52756
18.0307	52670
18.2183	52689
18.2188	52708
18.2199	52727
18.2204	52746
18.2207	52765
18.2213	52784
18.2216	52803
18.2221	52822
18.2225	52841
18.223	52860
18.2233	52879
18.2238	52898
18.2242	52917
18.2288	52936
18.2292	52955
18.2313	52974
18.2316	52993
18.2319	53012
18.2323	53031
18.2326	53050
18.2332	53052
18.2335	53032
18.234	52992
18.2344	52935
18.2349	52851
18.423	51200
18.4232	50331
18.4241	49896
18.4242	49461
18.4246	49026
18.4248	48591
18.4249	48156
18.4251	47721
18.4255	47286
18.4256	46851
18.4258	46417
18.426	45982
18.4263	45547
18.4265	45112
18.4267	44677
18.4268	44242
18.4272	43807
18.4274	43372
18.4275	42937
18.4277	42502
18.428	42067
18.4282	41633
18.4284	41198
18.4286	40763
18.433	40328
18.4332	39893
18.4334	39458
18.4336	39023
18.4355	38588
18.4356	38153
18.4358	37718
18.436	37284
18.4361	36849
18.4363	36414
18.4365	35979
18.4367	35544
18.4368	35109
18.437	34674
18.4374	34239
18.4375	33804
18.4377	33369
18.4379	32934
18.4382	32500
18.4384	31222
18.4386	30720
18.6272	31222
18.6272	31255
18.629	31288
18.6297	31321
18.6305	31354
18.631	31387
18.6319	31420
18.6326	31453
18.6376	31486
18.6398	31519
18.6405	31552
18.641	31585
18.6417	31618
18.6428	31651
18.6433	31684
18.8309	31717
18.8314	31750
18.8333	31783
18.834	31815
18.8349	31847
18.8354	31879
18.8363	31911
18.837	31943
18.842	31975
18.8442	32007
18.8449	32039
18.8454	32071
18.8461	32103
18.8471	32135
18.8477	32167
19.0353	32199
19.0358	32231
19.0375	32263
19.0382	32295
19.0391	32327
19.0396	32359
19.0405	32391
19.0412	32423
19.0462	32455
19.0484	32487
19.0491	32519
19.0496	32551
19.0503	32583
19.0513	32615
19.0519	32647
19.2395	32679
19.24	32711
19.2417	32743
19.2424	32775
19.2433	32806
19.2438	32837
19.2447	32868
19.2454	32899
19.2504	32930
19.2526	32961
19.2533	32992
19.2538	33023
19.2545	33054
19.2555	33085
19.2561	33116
19.4437	33147
19.4442	33178
19.4459	33209
19.4466	33240
19.447	33271
19.4477	33302
19.4482	33333
19.449	33364
19.4497	33395
19.4547	33426
19.457	33457
19.4577	33488
19.4582	33519
19.4589	33550
19.4599	33581
19.4604	33612
19.6481	33643
19.6486	33674
19.6503	33705
19.651	33736
19.6513	33767
19.652	33798
19.6525	33829
19.6534	33859
19.6541	33889
19.6591	33919
19.6613	33949
19.662	33979
19.6626	34009
19.6632	34039
19.6643	34069
19.6648	34099
19.8524	34129
19.853	34159
19.8547	34189
19.8554	34219
19.8557	34249
19.8564	34279
19.8567	34309
19.8576	34339
19.8583	34369
19.8633	34399
19.8655	34429
19.8662	34459
19.8667	34489
19.8674	34519
19.8685	34549
19.869	34579
20.0566	34609
20.0572	34639
20.0589	34669
20.0596	34699
20.0599	34729
20.0606	34759
20.0609	34789
20.0618	34819
20.0625	34849
20.0675	34879
20.0697	34909
20.0704	34939
20.0709	34969
20.0716	34998
20.0727	35027
20.0732	35056
20.2608	35085
20.2614	35114
20.2631	35143
20.2638	35172
20.2641	35201
20.2648	35230
20.2651	35259
20.266	35288
20.2664	35317
20.2669	35346
20.2719	35375
20.2741	35404
20.2748	35433
20.2753	35462
20.276	35491
20.277	35520
20.2776	35549
20.4652	35578
20.4657	35607
20.4674	35636
20.4681	35665
20.4685	35694
20.4692	35723
20.4695	35752
20.4704	35781
20.4707	35810
20.4712	35839
20.4762	35868
20.4785	35897
20.4792	35926
20.4797	35955
20.4804	35984
20.4814	36013
20.4819	36042
20.6696	36071
20.6701	36100
20.6718	36129
20.6725	36162
20.6729	36279
20.6735	36490
20.6739	36800
20.6748	37210
20.6751	37406
20.6756	37697
20.6806	38086
20.6827	38090
20.6834	38035
20.6839	38047
20.6846	37997
20.6856	37905
20.6861	37784
20.8738	37811
20.8743	37838
20.876	37865
20.8767	37892
20.8779	36864
20.8781	35840
20.8783	35250
20.879	34712
20.8791	34173
20.8793	33635
20.8795	33097
20.8796	32559
20.8798	32021
20.88	31482
20.8848	30944
20.885	30406
20.8852	29868
20.8869	29330
20.8871	28791
20.8876	28253
20.8877	27715
20.8881	27177
20.8883	26639
20.8888	26100
20.889	25562
20.8898	25024
20.89	24486
20.8903	23948
21.078	23409
21.0782	22871
21.0785	22333
21.0787	21795
21.0802	21257
21.0804	20718
21.0809	20180
21.0811	18946
21.0813	18432
21.0821	18946
21.0821	19001
21.0837	19056
21.089	19111
21.0913	19165
21.0925	19219
21.0945	19273
21.2829	19327
21.2855	19381
21.2858	19435
21.2863	19488
21.288	19541
21.2934	19594
21.2956	19647
21.2968	19700
21.2989	19753
21.4872	19806
21.4898	19858
21.4902	19910
21.4907	19962
21.4922	20014
21.4976	20066
21.4998	20118
21.501	20170
21.5031	20221
21.6914	20272
21.694	20323
21.6944	20374
21.6949	20425
21.6964	20476
21.7018	20527
21.704	20578
21.7052	20628
21.7073	20678
21.8956	20728
21.8982	20778
21.8986	20828
21.8991	20878
21.9006	20928
21.906	20978
21.9063	21027
21.9084	21076
21.9096	21125
21.9117	21174
22.1	21223
22.1026	21272
22.1029	21321
22.1035	21370
22.105	21419
22.1104	21467
22.1107	21515
22.1128	21563
22.114	21611
22.116	21659
22.3044	21707
22.307	21755
22.3073	21803
22.3078	21851
22.3094	21898
22.3147	21945
22.3151	21992
22.317	22039
22.3182	22086
22.3202	22133
22.5086	22180
22.5112	22227
22.5115	22274
22.512	22321
22.5136	22367
22.5189	22413
22.5193	22459
22.5212	22505
22.5224	22551
22.5244	22597
22.7128	22643
22.7154	22689
22.7157	22735
22.7162	22781
22.7178	22827
22.7231	22872
22.7235	22917
22.7254	22962
22.7266	23007
22.7269	23052
22.7288	23097
22.9172	23142
22.9197	23187
22.9201	23232
22.9206	23277
22.9222	23322
22.9275	23366
22.9278	23410
22.9297	23454
22.9309	23498
22.9313	23542
22.9332	23586
23.1215	23630
23.1241	23674
23.1245	23718
23.125	23762
23.1265	23806
23.1319	23850
23.1322	23893
23.1341	23936
23.1353	23979
23.1357	24022
23.1376	24065
23.3257	24108
23.3283	24151
23.3287	24194
23.3292	24237
23.3307	24280
23.3361	24323
23.3364	24366
23.3383	24409
23.3395	24451
23.3399	24493
23.3418	24535
23.5299	24577
23.5325	24619
23.5329	24661
23.5334	24703
23.5349	24745
23.5403	24787
23.5406	24829
23.5425	24871
23.5437	24913
23.5441	24955
23.546	24997
23.7341	25038
23.7345	25079
23.7369	25120
23.7372	25161
23.7377	25202
23.7393	25243
23.7446	25284
23.745	25325
23.7469	25366
23.7481	25407
23.7484	25448
23.7503	25489
23.9385	25530
23.9388	25571
23.9413	25612
23.9416	25652
23.9421	25692
23.9437	25732
23.949	25772
23.9494	25812
23.9513	25852
23.9525	25892
23.9528	25932
23.9547	25972
24.1429	26012
24.1432	26052
24.1456	26092
24.146	26132
24.1463	26172
24.1479	26212
24.1532	26252
24.1536	26291
24.1555	26330
24.1567	26369
24.157	26408
24.1589	26447
24.3471	26486
24.3474	26525
24.3498	26564
24.3502	26603
24.3505	26642
24.3521	26681
24.3574	26720
24.3578	26759
24.3597	26798
24.3609	26837
24.3612	26876
24.3631	26915
24.5513	26953
24.5516	26991
24.554	27029
24.5544	27067
24.5547	27105
24.5551	27143
24.5564	27181
24.5618	27219
24.5621	27257
24.564	27295
24.5652	27333
24.5656	27371
24.5675	27409
24.7556	27447
24.756	27485
24.7584	27523
24.7587	27561
24.7591	27599
24.7594	27636
24.7608	27673
24.7662	27710
24.7665	27747
24.7684	27784
24.7696	27821
24.7699	27858
24.7718	27895
24.96	27932
24.9604	27969
24.9628	28006
24.9631	28043
24.9635	28080
24.9638	28127
24.9652	28154
24.9704	28191
24.9707	28228
24.9726	28265
24.9738	28302
24.9741	28339
24.976	28376
25.1642	28412
25.1645	28448
25.167	28484
25.1673	28520
25.1677	28556
25.168	28592
25.1694	28628
25.1746	28664
25.1749	28700
25.1768	28736
25.178	28772
25.1783	28808
25.1802	28844
25.3684	28880
25.3687	28916
25.3712	28952
25.3715	28988
25.3719	29024
25.3722	29060
25.3736	29096
25.3788	29132
25.3791	29167
25.3794	29202
25.3812	29237
25.3824	29272
25.3827	29307
25.3846	29342
25.5728	29377
25.5731	29412
25.5755	29447
25.5759	29482
25.5762	29517
25.5766	29552
25.5779	29587
25.5831	29622
25.5835	29657
25.5838	29692
25.5855	29727
25.5867	29762
25.5871	29797
25.589	29832
25.7771	29867
25.7775	29902
25.7799	29937
25.7803	29972
25.7806	30040
25.7809	30215
25.7823	30340
25.7875	30575
25.7878	30927
25.7882	31187
25.7899	31562
25.7909	31840
25.7913	32044
25.7932	32072
25.9813	32104
25.9817	32136
25.9841	32168
25.9844	32200
25.9848	32232
25.9851	32264
25.9865	32296
25.9917	32328
25.992	32360
25.9924	32392
25.9927	32424
25.9943	32456
25.9953	32488
25.9957	32520
25.9974	32552
26.1855	32584
26.1859	32616
26.1883	32648
26.1886	32680
26.189	32712
26.1893	32744
26.1907	32776
26.1959	32807
26.1962	32838
26.1966	32869
26.1969	32900
26.1985	32931
26.1995	32962
26.1999	32993
26.2016	33024
26.3897	33055
26.3901	33086
26.3925	33117
26.3928	33148
26.3932	33179
26.3935	33210
26.3949	33241
26.3953	33272
26.4003	33303
26.4006	33334
26.401	33365
26.4013	33396
26.4029	33427
26.4039	33458
26.4042	33489
26.406	33501
26.5941	33470
26.5945	33388
26.5969	33260
26.5972	33107
26.5976	32923
26.5979	32716
26.5993	32502
26.5996	32279
26.6046	32064
26.605	32067
26.6053	32099
26.6057	32131
26.6072	32163
26.6083	32195
26.6086	32227
26.6103	32259
26.7985	32291
26.7988	32390
26.8012	32456
26.8016	32621
26.8019	32892
26.8035	32958
26.8038	33121
26.8088	32953
26.8092	32791
26.8095	32634
26.8099	32606
26.8114	32638
26.8125	32670
26.8128	32702
26.8145	32734
27.0027	32766
27.003	32798
27.0054	32829
27.0058	32860
27.0061	32891
27.0065	32922
27.0079	32953
27.0082	32984
27.0132	33015
27.0136	33046
27.0141	33077
27.0156	33108
27.0167	33139
27.017	33170
27.0187	33201
27.2069	33232
27.2072	33263
27.2076	33294
27.2098	33325
27.2102	33356
27.2105	33387
27.2109	33418
27.2122	33449
27.2126	33480
27.2176	33511
27.2179	33542
27.2184	33573
27.22	33604
27.221	33635
27.2214	33666
27.2231	33697
27.4113	33728
27.4116	33759
27.4119	33790
27.4142	33821
27.4145	33852
27.4149	33882
27.4152	33912
27.4166	33942
27.4169	33972
27.422	34002
27.4223	34032
27.4228	34062
27.4244	34092
27.4254	34122
27.4257	34152
27.4275	34268
27.6156	34482
27.616	34800
27.6163	35036
27.6186	35374
27.6189	35817
27.6193	36145
27.6196	36388
27.6208	36567
27.6211	36697
27.6262	36519
27.6265	36347
27.627	36181
27.6286	35999
27.6296	35824
27.6299	35684
27.6317	35517
27.8198	35546
27.8202	35575
27.8205	35604
27.8209	35633
27.8229	35662
27.8233	35691
27.8236	35720
27.824	35749
27.825	35778
27.8253	35807
27.8303	35836
27.8307	35865
27.8312	35894
27.8328	35923
27.8338	35952
27.8343	35967
27.836	35940
28.0242	35877
28.0245	35771
28.0249	35628
28.0252	35464
28.0273	35284
28.0276	35310
28.028	35339
28.0283	35368
28.0294	35397
28.0297	35426
28.0347	35455
28.0351	35484
28.0354	35513
28.037	35542
28.038	35571
28.0385	35600
28.0402	35629
28.2284	35658
28.2287	35687
28.2293	35716
28.2296	35745
28.2317	35774
28.232	35803
28.2324	35832
28.2327	35861
28.2337	35890
28.2341	35919
28.2391	35948
28.2394	35977
28.2398	36006
28.2413	36035
28.2424	36064
28.2429	36093
28.2446	36122
28.4328	36151
28.4331	36180
28.4336	36208
28.434	36236
28.436	36264
28.4364	36292
28.4367	36320
28.4371	36348
28.4379	36376
28.4383	36404
28.4433	36432
28.4436	36460
28.444	36488
28.4455	36516
28.4466	36544
28.4471	36572
28.4488	36600
28.637	36628
28.6373	36656
28.6378	36684
28.6382	36712
28.6402	36740
28.6406	36768
28.6409	36796
28.6413	36824
28.6421	36852
28.6425	36880
28.6475	36908
28.6478	36936
28.6482	36964
28.6497	36992
28.6508	37020
28.6513	37048
28.653	37076
28.8412	37104
28.8415	37132
28.842	37160
28.8424	37188
28.8444	37216
28.8448	37244
28.8451	37272
28.8455	37300
28.8463	37328
28.8467	37356
28.847	37384
28.8519	37412
28.8522	37440
28.8526	37468
28.8541	37495
28.8551	37522
28.8557	37549
28.8574	37576
29.0455	37603
29.0459	37630
29.0464	37657
29.0467	37684
29.0488	37711
29.0492	37738
29.0495	37765
29.0499	37792
29.0507	37819
29.0511	37846
29.0514	37873
29.0562	37900
29.0566	37927
29.0569	38017
29.0585	38194
29.0595	38464
29.06	38665
29.0618	38959
29.2499	39347
29.2503	39635
29.2508	40017
29.2511	40300
29.2532	40511
29.2535	40810
29.2539	41201
29.2542	41491
29.2551	41707
29.2554	42010
29.2558	42401
29.2606	42880
29.261	43442
29.2613	43854
29.2627	44017
29.2637	44137
29.2642	44223
29.266	44282
29.2663	44320
29.4543	44341
29.4546	44431
29.4551	44493
29.4555	44533
29.4574	44492
29.4577	44510
29.4581	44514
29.4584	44507
29.4588	44564
29.4595	44693
29.4598	44903
29.4601	45059
29.4648	44941
29.4652	44829
29.4655	44721
29.4658	44655
29.467	44588
29.4681	44521
29.4684	44453
29.4702	44347
29.4705	44244
29.6585	44267
29.6588	44290
29.6593	44313
29.6597	44336
29.6616	44359
29.6619	44382
29.6623	44405
29.6626	44428
29.663	44451
29.6637	44474
29.664	44497
29.6643	44520
29.6647	44543
29.6694	44566
29.6697	44574
29.67	44549
29.6712	44505
29.6723	44435
29.6726	44333
29.6744	44221
29.6747	44084
29.8627	44107
29.863	44130
29.8635	44153
29.8639	44176
29.8658	44199
29.8661	44222
29.8665	44245
29.8668	44268
29.8672	44291
29.8679	44314
29.8682	44337
29.8685	44360
29.8689	44383
29.8735	44406
29.8739	44429
29.8742	44450
29.8754	44436
29.8765	44392
29.8768	44312
29.8786	44221
29.8789	44101
30.0669	44124
30.0672	44147
30.0677	44170
30.0681	44193
30.07	44216
30.0703	44239
30.0707	44262
30.071	44285
30.0714	44308
30.0721	44331
30.0724	44354
30.0727	44377
30.0731	44400
30.0777	44423
30.0781	44446
30.0784	44469
30.0796	44472
30.0807	44442
30.081	44384
30.0828	44312
30.0831	44218
30.2711	44241
30.2714	44264
30.2719	44287
30.2723	44310
30.2742	44333
30.2745	44356
30.2749	44379
30.2752	44402
30.2756	44425
30.2763	44448
30.2766	44471
30.2769	44494
30.2773	44517
30.2819	44540
30.2823	44563
30.2826	44580
30.2838	44563
30.2849	44516
30.2852	44444
30.2869	44349
30.2873	44236
30.4753	44259
30.4756	44282
30.4761	44305
30.4765	44328
30.4784	44351
30.4787	44374
30.4791	44397
30.4794	44420
30.4798	44443
30.4805	44466
30.4808	44489
30.4811	44512
30.4815	44535
30.4861	44558
30.4865	44581
30.4868	44604
30.488	44606
30.4891	44586
30.4894	44537
30.4911	44473
30.4915	44385
30.6795	44408
